51
58
63
67
63
50
48
55
60
63
60
48
51
58
63
67
63
50
48
55
60
63
60
48
67 51
70 58
63
70 67
70 63
50
70 48
72 55
72 60
72 63
60
48
67 51
70 58
63
70 67
70 63
50
70 48
72 55
72 60
72 63
60
48
70 56
72 51
56
72 60
56
72 56
72 58
72 53
58
70 62
70 58
58
68 51
70 58
63
67
70 63
51
58
53
58
62
58
53
67 51
67 70 58
63
67 70
67 70 63
51
67 70 56
68 72 51
68 72 70 62 56
58
70 53
67 63 58
48
67 63 55
67 63 60
63
67 63 60
67 63 48
56
67 63 51
65 56
60
63 56
72 65 56
58
65 53
58
62
65 58
65 67 58
55
62 67
67
65 71
65

48
72 63 55
60
63
60
55
48
67 55
60
70 63
72 60
48
56
72 51
56
60
56
51
56
72 51
56
70 60
67 56
56
48
67 55
60
63
60
55
48
67 55
60
70 63
72 60
48
56
72 51
56
60
56
51
56
72 51
56
70 60
67 56
56
68 51
58
67 51
65 55
51
58
58
53
63 58
62
60 58
58
48





51
58
63
67
63
50
48
55
60
63
67 60
70 48
51
70 58
70 63
67
70 63
72 50
72 48
72 55
60
63
67 60
70 48
51
70 58
70 63
67
70 63
72 50
72 48
72 55
60
63
70 60
72 48
56
72 51
56
72 60
72 56
72 56
58
70 53
70 58
62
68 58
70 58
51
58
70 63
67
63
51
58
53
58
62
67 58
67 70 53
51
67 70 58
67 70 63

67 70 63
68 72 51
68 72 70 62 56
51
70 56
67 63 58
53
67 63 58
67 63 48
55
67 63 60
67 63
60
67 63 48
65 56
51
63 56
72 65 60
56
65 56
58
53
65 58
65 67 62
58
62 67 58
55
65 62
65 67
71

72 63
48
55
60
63
60
67 55
48
70 55
72 60
63
60
72 48
56
51
56
60
56
72 51
56
70 51
67 56
60
56
67 56
48
55
60
63
60
67 55
48
70 55
72 60
63
60
72 48
56
51
56
60
56
72 51
56
70 51
67 56
60
68 56
56
67 51
65 58
51
55
51
58
63 58
62 53
67 58
72 62
62 58
63 58
67 72
72 63 67















