60 48

62 60

64 60

67 55

60

64 60

67 48

60

64 60

67 55

60

60

64 48

67 60

64 60

69 55

67 60

60

69 48

67 60

64 60

65 50

55

55

55

55

55

71 50

72 55

62 55

72 55

71 55

55

69 50

71 55

72 55

71 55

55

55

65 50

67 55

69 55

67 55

55

59 55

60 48

60

60

60 48

72

70

69 53

53

65 53

69 48

53

53

53

53

71 53

62 48

72 53

69 53

67 48

60

60

64 55

60

60

48

60

66 60

69 55

67 60

64 60

67 50

55

62 55

67 55

55

55

50

62 55

64 55

65 55

55

59 55

60 48

60

60

55
60

60

62
50
62
55
64
55
65
55

57
59
59
60
48
60

60

55
60

60

60

62 48

64 60

67 60

55

64 60

67 60

48

64 60

67 60

55

60

64 60

67 48

64 60

69 60

67 55

60

69 60

67 48

64 60

65 60

50

55

55

55

55

71 55

72 50

62 55

72 55

71 55

55

69 55

71 50

72 55

71 55

55

55

65 55

67 50

69 55

67 55

55

59 55

60 55

60 48

60

60

72 48

70

69

53

65 53

69 53

48

53

53

53

71 53

62 53

72 48

69 53

67 53

48

60

64 60

55

60

60

48

66 60

69 60

67 55

64 60

67 60

50

62 55

67 55

55

55

55

62 50

64 55

65 55

55

59 55

60 55

60 48

60

55
60

60

62

62
50
64
55
65
55

55
59
57
60
59
60
48
60

55
60

60

60 64 67



48 52 55








